0 -5 23 3 -19 84 158 167 186 229 296 351 292 310 326 398 447 352 339 427 411 390 418 585 539 516 527 547 578 583 655 625 589 476 388 350 383 325 335 287 308 196 192 120 77 17 36 59 27 48 120 128 145 149 204 275 235 163 169 211
183 231 235 242 280 327 285 288 307 400 449 468 575 634 655 661 561 431 270 110 126 133 81 126 152 207 303 259 306 305 355 369 482 482 587 593 637 647 615 649 661 588 565 568 527 508 511 570 624 600 684 663 690 741 668 622 607 623 619 657
580 623 678 663 597 579 558 521 610 643 496 417 360 369 247 190 258 256 359 489 648 783 751 706 825 746 794 774 749 796 798 793 831 835 777 810 841 801 790 777 894 865 828 836 837 826 839 855 854 851 785 799 883 811 830 807 807 804 789 732
727 663 539 596 654 677 685 730 752 823 809 794 768 782 711 664 709 742 717 654 559 638 695 614 590 535 670 662 639 617 628 588 577 626 581 634 665 693 763 628 641 644 602 682 601 530 519 461 497 462 462 462 416 397 469 534 564 542 546 599
658 708 689 699 684 712 595 699 684 667 714 674 654 706 738 819 955 1109 1225 1345 1365 1471 1420 1378 1220 1076 926 760 728 706 735 784 761 824 821 818 858 787 784 834 907 911 959 1002 952 1018 1056 1135 1182 1178 1286 1285 1334 1321 1327 1349 1401 1286 1290 1291
1252 1239 1227 1251 1265 1336 1228 1188 1170 1227 1278 1278 1303 1322 1306 1328 1185 1176 1147 1067 1058 1149 1166 1174 1275 1449 1504 1631 1601 1611 1542 1489 1624 1595 1563 1599 1547 1582 1638 1676 1641 1601 1681 1690 1754 1790 1769 1771 1720 1717 1665 1725 1761 1828 1881 1865 1827 1798 1864 1891
1901 1898 1851 1925 2009 1990 1947 1843 1815 1825 1858 1927 1979 2069 2024 2081 2034 1934 1939 1991 1998 1998 2038 2084 2119 2134 2071 2060 2047 2024 2022 2063 2084 2027 1992 1985 1943 1918 1912 1965 2070 2004 2072 2096 2060 2077 2134 2118 2140 2103 2062 2057 2112 2118 2140 2105 2046 1987 2053 2087
2071 2034 2042 1993 1989 2062 2117 2228 2492 2619 2641 2581 2673 2729 2622 2500 2329 2254 2132 2089 2155 2075 2080 1979 1965 2013 2034 1974 2014 1983 1928 1923 1945 1942 1957 1885 1996 1967 1977 2008 2112 2094 2150 2151 2216 2198 2243 2163 2197 2223 2201 2208 2185 2286 2274 2316 2334 2329 2379 2369
2341 2382 2357 2347 2259 2268 2219 2298 2374 2312 2376 2389 2346 2304 2279 2384 2447 2442 2403 2355 2389 2426 2364 2379 2454 2488 2462 2496 2544 2546 2577 2711 2694 2691 2723 2810 2886 2841 2853 2790 2772 2810 2851 2883 2849 2851 2896 2766 2692 2584 2480 2418 2389 2429 2470 2578 2743 2786 2970 3000
3056 3063 3123 3050 3156 3211 3213 3281 3225 3241 3187 3146 3133 3115 3161 3106 3153 3184 3175 3115 3101 3060 3095 3035 2936 3050 3050 2999 3092 3090 3011 3031 3021 3065 3026 2975 2918 2900 2909 2824 2742 2775 2774 2835 2824 2926 2971 2907 2963 2996 3010 3038 2992 3012 2984 2975 2943 2948 2938 2936
2935 2875 2936 2940 2882 2890 2831 2767 2669 2673 2733 2784 2763 2710 2780 2901 3115 3174 3187 3244 3283 3361 3363 3311 3182 3090 2977 3022 2995 3041 3015 2962 2873 2910 2976 2909 2883 2899 2853 2855 2776 2813 2827 2831 2794 2840 2931 2976 2937 2862 2856 2896 2883 2899 2915 2883 2863 2811 2802 2831
2873 2858 2806 2800 2763 2742 2802 2760 2772 2760 2807 2856 2877 2884 2866 2887 2832 2862 2884 2715 2778 2791 2803 2807 2877 2901 2917 2878 2854 2846 2895 2969 3058 3118 3054 3150 3132 3117 3100 3105 2927 2898 2803 2704 2623 2560 2536 2551 2577 2654 2708 2680 2884 2999 3018 2966 2961 3013 3046 3067
3007 3058 3075 3079 3027 3070 3133 3150 3146 3157 3087 3087 3087 3096 2970 2974 2989 3154 3114 3074 3098 3108 3048 3067 3043 3093 3066 3120 3157 3213 3292 3238 3244 3357 3360 3349 3370 3369 3384 3384 3451 3502 3493 3568 3546 3491 3505 3512 3478 3541 3514 3488 3477 3438 3389 3410 3488 3477 3514 3499
3519 3512 3501 3580 3582 3614 3668 3729 3700 3676 3741 3679 3695 3734 3860 4133 4232 4336 4347 4359 4298 4222 4183 3997 3955 3814 3790 3903 3892 3916 3941 3915 3867 3977 3961 3936 3863 3833 3806 3800 3820 3837 3868 3817 3882 3854 3783 3815 3781 3745 3825 3893 3885 3924 3787 3764 3800 3781 3770 3813
3756 3816 3848 3789 3813 3733 3688 3695 3596 3454 3330 3291 3268 3199 3293 3360 3403 3485 3580 3765 3725 3756 3760 3709 3742 3704 3642 3644 3644 3731 3669 3647 3701 3816 3842 3861 3896 3876 3845 3934 3925 4008 4036 4008 3956 3900 3848 3837 3896 3856 3838 3818 3903 3868 3885 3825 3849 3933 3981 4002
4039 4104 4040 3998 4040 4021 4050 4014 3960 3982 4055 4042 4051 4061 4080 4009 4029 3966 3919 3861 3796 3806 3753 3722 3694 3701 3694 3711 3730 3746 3766 3809 3802 3820 3796 3870 3843 3853 3861 3778 3717 3665 3644 3598 3582 3559 3547 3574 3614 3603 3578 3606 3634 3581 3561 3613 3614 3575 3567 3530
3651 3616 3609 3689 3751 3837 3848 3925 3892 3867 3842 3846 3881 3908 3875 3958 3879 4005 3960 4044 4036 4115 4159 4120 4065 4100 4100 4162 4116 4116 4238 4363 4508 4531 4632 4573 4539 4557 4490 4403 4284 4185 4145 4061 4089 4122 4124 4044 4082 4182 4226 4217 4342 4341 4394 4431 4360 4397 4405 4415
4446 4459 4404 4396 4380 4379 4333 4323 4358 4377 4461 4455 4454 4523 4574 4602 4608 4600 4598 4519 4594 4675 4656 4636 4640 4658 4716 4743 4669 4677 4651 4592 4512 4378 4352 4156 4147 4086 4147 4210 4258 4296 4492 4594 4505 4571 4572 4592 4674 4693 4629 4545 4604 4669 4669 4683 4598 4692 4696 4716
4708 4725 4788 4706 4748 4745 4782 4799 4790 4793 4843 4744 4743 4740 4673 4690 4693 4703 4762 4743 4728 4795 4816 4825 4904 4926 4979 5040 5060 5060 5002 5094 5175 5174 5187 5200 5253 5279 5288 5297 5352 5334 5352 5297 5277 5241 5235 5230 5208 5237 5220 5237 5264 5261 5223 5279 5264 5375 5381 5360
5340 5270 5299 5322 5270 5310 5292 5307 5362 5321 5305 5241 5292 5283 5301 5249 5274 5266 5318 5252 5252 5239 5260 5258 5169 5211 5157 5097 5094 5067 4984 4992 4988 4999 5099 5140 5052 5071 4988 5092 5181 5287 5356 5433 5433 5379 5215 5213 5050 4995 4928 4956 4944 4858 4790 4754 4734 4722 4772 4746
4732 4818 4788 4761 4746 4760 4785 4809 4840 4860 4963 5021 4964 4981 5064 5107 4975 4755 4667 4621 4533 4494 4575 4523 4581 4766 4869 5000 5007 5020 4903 4873 4914 4871 4784 4790 4790 4733 4714 4716 4670 4678 4589 4559 4462 4415 4417 4493 4480 4490 4521 4519 4515 4605 4606 4571 4548 4603 4582 4582
4665 4669 4699 4603 4657 4705 4730 4789 4776 4774 4812 4823 4880 4892 4906 4935 4936 4910 4987 4949 4891 4909 4955 5020 4954 4991 5001 4991 5012 5004 4968 5019 5027 5048 5022 5048 5008 4990 5008 5081 4966 4943 4936 5025 5020 5018 4973 4934 4846 4804 4881 4953 4926 4985 5138 5150 5129 5155 5203 5187
5147 5220 5250 5280 5261 5213 5188 5251 5218 5185 5200 5139 5188 5191 5168 5152 5077 5152 5153 5150 5107 5111 5128 5037 5058 5117 5057 5057 4989 4958 4983 5031 5033 5008 5068 5062 5107 5083 5118 5220 5272 5256 5320 5291 5450 5649 5795 5864 5924 5903 5936 5879 5765 5672 5546 5426 5396 5453 5503 5540
5548 5539 5586 5536 5556 5528 5513 5484 5446 5369 5227 5171 5158 5186 5208 5241 5377 5540 5712 5828 5818 5784 5838 5861 5880 5882 5834 5808 5795 5763 5855 5768 5827 5839 5807 5768 5743 5715 5763 5751 5706 5713 5747 5750 5764 5808 5787 5782 5823 5744 5750 5768 5747 5704 5654 5656 5612 5604 5637 5658
5688 5724 5779 5722 5785 5704 5708 5595 5544 5513 5558 5630 5681 5714 5762 5649 5699 5630 5662 5680 5663 5653 5571 5534 5485 5565 5519 5526 5475 5539 5476 5552 5527 5607 5622 5638 5626 5644 5635 5705 5737 5705 5705 5702 5762 5683 5711 5714 5678 5624 5668 5654 5733 5755 5746 5596 5698 5725 5739 5734
5770 5771 5879 5829 5835 5877 5841 5822 5828 5787 5836 5866 5892 5876 5889 5881 5940 5936 5980 6011 6020 6057 6074 6135 6122 6188 6115 6078 6098 6226 6469 6582 6687 6798 6724 6690 6655 6620 6501 6344 6141 6032 6096 6115 6017 5951 5921 5937 5968 5997 6045 6070 6053 5946 5921 5984 6021 6085 6105 6134
6126 6111 6119 6216 6185 6140 6053 6066 6110 6173 6093 6106 6115 6077 6058 6077 6098 6081 6090 6115 6116 6144 6187 6227 6187 6187 6193 6221 6239 6176 6159 6086 6130 5992 5982 6027 6048 5920 5899 5798 5766 5692 5708 5755 5757 5845 5979 6006 6199 6170 6200 6296 6350 6380 6376 6379 6358 6353 6408 6399
6455 6442 6449 6471 6554 6556 6520 6517 6514 6535 6513 6486 6376 6461 6426 6458 6492 6437 6443 6473 6555 6604 6507 6472 6456 6570 6522 6637 6664 6664 6641 6732 6720 6755 6751 6707 6626 6640 6626 6571 6480 6486 6424 6449 6533 6633 6725 6717 6786 6780 6806 6775 6799 6886 6934 6880 6875 6853 6796 6738
6837 6897 6815 6772 6822 6802 6756 6741 6693 6668 6684 6736 6776 6714 6776 6773 6747 6782 6715 6770 6746 6794 6882 6845 6860 6859 6877 6917 7025 7106 7197 7225 7273 7226 7334 7193 7074 7024 6963 6861 6816 6932 6957 7026 7054 6950 6894 6947 6957 6900 6879 6931 6896 6900 6913 7010 6924 6911 7004 6999
6989 6970 7039 7008 7080 7096 7185 7064 7043 7000 6926 6988 6998 7044 7085 7065 7029 7061 7075 7093 6957 6816 6830 6779 6817 6904 6893 6877 6896 6913 6910 6887 6852 6864 6880 6875 6907 6875 6735 6663 6588 6492 6501 6511 6597 6672 6745 6797 6984 7074 7184 7237 7230 7246 7265 7301 7340 7322 7239 7219
7216 7232 7178 7246 7237 7243 7208 7265 7229 7207 7194 7221 7186 7087 7053 7059 7055 6997 6949 6932 6847 6840 6896 6904 6794 6809 6788 6760 6672 6709 6677 6614 6627 6727 6693 6667 6673 6733 6793 6793 6795 6880 6837 6757 6774 6804 6803 6848 6791 6773 6779 6800 6839 6912 6983 7015 6906 6968 6939 6943
6941 6969 6925 6976 6998 6968 6931 6944 6965 6913 6901 6924 6924 6925 6955 6935 6976 7040 7105 7145 7197 7219 7176 7201 7192 7225 7171 7153 7188 7367 7383 7434 7460 7478 7519 7560 7526 7504 7440 7314 7199 7194 7159 7167 7194 7163 7129 7072 7102 7071 7122 7058 7039 7137 7141 7130 7156 7197 7296 7396
7423 7434 7530 7480 7491 7465 7532 7613 7615 7532 7544 7570 7514 7538 7550 7484 7443 7387 7388 7460 7453 7396 7341 7373 7425 7353 7385 7461 7397 7381 7301 7242 7210 7129 7067 7133 7227 7307 7384 7469 7704 7902 7849 7860 7914 7823 7826 7905 7931 7956 8010 8112 8126 8043 8043 8060 8070 8096 8160 8171
8235 8223 8251 8213 8250 8158 8157 8128 8071 8069 8084 7992 7931 7954 8030 8006 7996 8003 8014 7998 7996 8021 7915 7892 7936 7872 7894 7957 7995 7994 8006 7967 7941 7957 8008 7906 7893 7880 7901 7955 8015 7940 8023 8048 8070 8045 7966 8008 7979 7933 7969 7944 7942 7927 7989 7892 7903 7918 7879 7882
7909 7964 8003 8024 8050 7884 7875 7859 7821 7821 7876 7818 7831 7842 7880 7912 7955 7920 7859 7941 7867 7809 7741 7775 7816 7825 7827 7748 7768 7686 7756 7744 7789 7928 8078 8128 8215 8284 8219 8279 8239 8155 8067 7953 7770 7800 7800 7798 7784 7818 7955 7905 7880 7868 7882 7943 7895 7913 7941 7900
7966 7949 7938 7881 7919 7805 7817 7806 7877 7907 7892 7945 7860 7878 7873 7868 7893 7917 7896 7964 7967 8028 8112 8113 8065 8003 7964 7971 7928 7895 7842 7858 7776 7760 7832 7825 7800 7775 7703 7519 7460 7362 7333 7274 7351 7427 7512 7642 7782 7823 7783 7759 7790 7882 7882 7956 8046 8080 8128 8154
8183 8132 8179 8189 8300 8304 8328 8329 8366 8431 8396 8415 8368 8400 8467 8461 8509 8478 8487 8512 8445 8488 8456 8505 8476 8475 8511 8455 8385 8251 8241 8166 8166 8209 8244 8189 8176 8214 8267 8304 8358 8342 8351 8393 8481 8507 8516 8465 8500 8413 8414 8497 8528 8500 8613 8593 8609 8670 8636 8674
8664 8729 8840 8835 8938 8820 8855 8813 8833 8791 8768 8769 8853 8827 8804 8833 8824 8803 8825 8749 8749 8710 8630 8578 8553 8564 8612 8641 8630 8609 8551 8531 8582 8525 8523 8567 8612 8830 8979 8987 9065 9116 9115 9108 9050 8946 8882 8830 8652 8595 8597 8568 8517 8474 8547 8471 8367 8393 8411 8472
8485 8533 8354 8205 8059 7924 7800 7731 7692 7702 7782 7904 8087 8062 8135 8087 8087 8004 7998 8031 7970 7959 7933 7916 7892 7878 7837 7857 7818 7811 7887 7898 7887 7984 8025 8151 8151 8168 8168 8202 8147 8165 8036 8119 8137 8096 8145 8073 7966 7919 7927 7877 8007 7998 8033 8059 8054 8134 8240 8257
8293 8342 8345 8399 8466 8424 8402 8486 8492 8493 8545 8586 8586 8556 8628 8663 8803 8803 8802 8828 8817 8885 8897 8859 8820 8943 8955 8887 8846 8893 8942 8973 8959 9007 9107 9072 9142 9146 9131 9070 9079 9120 9092 9085 9072 9055 9068 9011 9023 8957 9017 9002 9057 8984 8978 8986 8961 8983 8900 8866
8847 8876 8819 8879 8853 8926 8975 8917 8938 8962 8964 8874 8801 8733 8739 8910 8854 8795 8782 8784 8932 9019 9205 9227 9194 9273 9324 9295 9229 9105 9016 8773 8720 8729 8746 8702 8647 8606 8603 8496 8472 8443 8449 8533 8560 8554 8579 8608 8766 8738 8806 8816 8821 8831 8911 8864 8817 8845 8970 8978
9109 9128 9096 9142 9141 9117 9091 9138 9070 9105 9090 9125 9099 9151 9054 9107 9104 8990 8985 8806 8681 8526 8478 8416 8442 8431 8402 8579 8654 8773 8925 8955 8985 9039 9012 9038 9058 9055 9012 9026 9025 8993 8946 8880 8823 8832 8832 8888 8963 9018 8943 8910 8898 8865 8804 8873 8802 8815 8678 8626
8629 8574 8589 8616 8637 8547 8463 8479 8440 8367 8347 8397 8443 8456 8528 8572 8671 8651 8754 8817 8891 8900 8846 8871 8961 8965 8993 9058 9064 8994 9007 8932 8990 9012 9064 9028 8989 9034 9123 9194 9207 9264 9335 9269 9309 9247 9242 9282 9254 9245 9294 9231 9196 9187 9280 9328 9265 9326 9318 9314
9371 9336 9339 9305 9352 9436 9446 9446 9495 9539 9473 9473 9452 9370 9382 9302 9345 9378 9458 9479 9516 9472 9462 9442 9447 9459 9424 9486 9548 9594 9597 9649 9694 9862 9962 10029 10102 10122 10082 10019 9929 9871 9733 9728 9783 9720 9715 9729 9637 9615 9729 9725 9776 9810 9832 9878 9883 9909 9946 9975
10044 10107 10145 10110 10114 10199 10253 10225 10229 10214 10170 10142 10099 10091 10108 10092 9996 10012 9997 10051 10061 9935 9883 9819 9835 9876 9816 9857 9913 9902 9974 9959 9939 9919 9956 10038 10017 10109 10121 10076 10099 9913 9867 9731 9631 9653 9647 9663 9775 9786 9913 10056 10181 10163 10249 10213 10182 10208 10290 10248
10289 10249 10263 10322 10359 10325 10283 10345 10305 10346 10337 10380 10330 10284 10199 10231 10287 10295 10336 10314 10275 10266 10279 10175 10139 10083 10056 10091 10043 10041 10013 9983 9908 9838 9828 9781 9772 9768 9744 9837 9834 9893 9948 9877 9951 9940 9855 9848 9883 9955 10008 10024 10122 10155 10086 10035 10065 10107 10042 10026
9998 9991 9946 10008 10135 10111 10109 10218 10156 10137 10109 10032 10086 10137 10296 10339 10441 10507 10566 10477 10422 10399 10252 10078 9898 9878 9857 9837 9939 9974 9996 9985 9900 9922 9892 9808 9776 9820 9799 9773 9819 9873 9894 9899 9900 9955 9931 9894 9909 10021 10143 10116 10147 10113 10105 10147 10204 10232 10262 10334
10310 10238 10232 10295 10304 10286 10316 10262 10309 10359 10351 10308 10344 10368 10381 10378 10347 10363 10322 10289 10333 10321 10316 10281 10249 10196 10122 10182 10140 10033 10007 10059 10127 10082 10106 10166 10227 10285 10237 10206 10121 10133 10082 10111 10082 10009 9972 9876 9741 9739 9755 9728 9774 9881 9980 10142 10368 10397 10406 10460
10500 10489 10568 10595 10598 10563 10594 10557 10513 10580 10535 10473 10409 10435 10446 10475 10475 10451 10506 10502 10493 10491 10443 10515 10561 10644 10731 10702 10741 10726 10671 10700 10732 10791 10749 10695 10732 10760 10793 10970 11076 11115 11093 11087 11081 11084 11153 11200 11257 11377 11417 11420 11439 11426 11459 11424 11502 11529 11551 11601
11674 11822 11905 12089 12146 12160 12268 12258 12170 12089 12010 11840 11765 11812 11811 11907 11944 11952 11961 11958 11957 11968 11940 12078 12116 12077 12052 12083 12089 11937 12018 12050 12031 11986 11999 12001 11968 12067 12090 12165 12206 12238 12255 12273 12293 12252 12331 12325 12377 12421 12417 12439 12425 12427 12340 12327 12349 12377 12349 12339
12286 12184 12036 11942 11858 11811 11751 11804 11853 11995 12046 12119 12314 12360 12446 12429 12429 12429 12471 12366 12381 12307 12322 12390 12345 12332 12298 12282 12263 12286 12333 12270 12349 12316 12250 12243 12210 12329 12388 12433 12416 12426 12435 12514 12500 12544 12574 12531 12565 12547 12516 12578 12587 12537 12549 12556 12494 12537 12577 12522
12541 12590 12631 12664 12679 12677 12746 12744 12699 12643 12673 12799 12775 12758 12721 12729 12736 12739 12715 12769 12838 12762 12711 12745 12775 12807 12802 12922 12965 13015 13004 13018 13056 13073 13053 13015 12955 12917 12952 12985 12973 12989 12988 13046 12957 12914 12989 13032 13053 13093 13113 13158 13105 13016 12976 13035 12997 12975 12839 12837
12844 12892 12947 12920 12924 12934 12971 12964 12964 12970 13000 13039 13008 12970 13023 13010 13045 13141 13143 13174 13187 13150 13140 13104 13134 13115 13150 13249 13331 13400 13501 13578 13683 13758 13793 13822 13782 13679 13579 13461 13326 13194 13130 13144 13140 13163 13149 13131 13081 13078 13174 13230 13151 13103 13104 13115 13115 13128 13116 13080
13072 13078 12950 12818 12803 12751 12671 12674 12820 12956 13026 13130 13326 13359 13366 13402 13405 13422 13402 13379 13317 13311 13277 13248 13322 13333 13297 13257 13297 13362 13305 13223 13264 13283 13235 13195 13214 13218 13297 13297 13361 13452 13552 13552 13598 13667 13705 13674 13605 13600 13663 13621 13627 13598 13612 13650 13588 13567 13530 13450
13557 13499 13552 13570 13539 13599 13603 13594 13630 13630 13691 13641 13677 13622 13651 13538 13514 13605 13662 13595 13630 13703 13638 13684 13629 13610 13517 13514 13507 13423 13443 13383 13385 13385 13362 13349 13409 13410 13447 13463 13414 13446 13482 13429 13491 13519 13492 13516 13540 13430 13487 13396 13455 13455 13496 13538 13538 13501 13574 13588
13630 13659 13661 13698 13700 13687 13701 13740 13793 13757 13766 13738 13792 13792 13857 13905 13897 13883 13940 13912 13928 13959 13983 13970 13967 13931 13891 13900 13981 13990 13921 13964 14092 14321 14449 14491 14487 14538 14536 14456 14433 14283 14073 13975 14018 14003 13992 13957 13899 13879 13854 13872 13867 13865 13892 13818 13811 13855 13889 13767
13900 14007 14043 14078 14069 14082 14078 14167 14127 14128 14120 14108 14113 14114 14122 14088 13989 14025 14030 14033 14086 14116 14072 14088 13903 13793 13762 13670 13622 13600 13666 13705 13758 13890 14049 14100 14115 14133 14180 14176 14224 14196 14228 14282 14282 14242 14323 14339 14333 14258 14268 14367 14389 14427 14431 14456 14477 14487 14488 14485
14546 14548 14488 14520 14560 14641 14641 14649 14689 14672 14622 14668 14766 14815 14834 14819 14811 14828 14789 14750 14752 14693 14637 14605 14614 14609 14710 14701 14788 14797 14779 14763 14789 14803 14790 14778 14792 14861 14979 15041 15053 15081 15057 15113 15093 15156 15192 15151 15140 15077 15052 15045 15069 14975 14963 14922 14839 14909 14907 14969
14913 14902 15061 15158 15302 15377 15514 15515 15622 15657 15615 15597 15456 15416 15390 15424 15430 15385 15407 15442 15380 15375 15323 15311 15344 15383 15292 15321 15305 15292 15241 15171 15157 15123 15190 15265 15234 15205 15209 15179 15142 15137 15126 15066 15075 15050 15056 15125 15082 15103 15071 15030 14990 15092 15045 15051 15028 15042 15116 15289
15176 15120 15099 15119 15095 15084 15175 15154 15116 15133 15197 15218 15186 15220 15262 15278 15346 15329 15329 15309 15307 15260 15239 15175 15017 15006 14998 15132 15181 15257 15362 15498 15551 15626 15634 15700 15688 15638 15647 15652 15692 15728 15767 15691 15696 15666 15598 15622 15615 15677 15705 15670 15719 15719 15721 15764 15832 15855 15855 15900
15865 15828 15885 15831 15806 15793 15783 15792 15800 15858 15858 15857 15824 15807 15793 15762 15742 15788 15839 15802 15930 15985 15972 15878 15884 15891 15905 15905 15930 16035 16136 16140 16128 16096 16160 16154 16170 16147 16133 16122 16120 16111 16069 16081 16032 16098 16091 16053 16030 16090 16153 16069 16040 15947 15980 15967 15965 15997 16054 15979
15954 15929 15886 15932 15906 15898 15963 15950 15997 16050 16113 16109 16189 16143 16158 16144 16276 16348 16456 16533 16579 16588 16505 16454 16330 16194 16121 16058 16121 16175 16141 16163 16280 16388 16402 16294 16334 16262 16338 16293 16363 16397 16397 16348 16294 16298 16238 16308 16293 16313 16265 16251 16238 16290 16282 16334 16291 16304 16249 16301
16223 16224 16206 16200 16213 16206 16206 16324 16292 16196 16185 16160 16179 16185 16219 16116 15952 15838 15746 15711 15651 15628 15652 15687 15778 15901 16079 16014 16059 15988 15988 16041 16087 16130 16136 16145 16086 16028 15983 15976 15986 15993 16012 16056 16007 16013 15937 15986 15932 15966 15943 16058 16156 16218 16209 16201 16150 16136 16066 15936
15968 16014 16036 16005 15920 15865 15919 15893 15848 15898 15874 15832 15888 15958 15943 15997 16002 16030 16039 16120 16176 16201 16220 16221 16181 16100 16025 16019 15964 15964 16020 16052 16015 16035 16052 16142 16172 16185 16236 16339 16283 16297 16350 16363 16495 16578 16567 16580 16535 16559 16559 16562 16480 16552 16521 16477 16505 16526 16521 16518
16423 16396 16401 16435 16571 16707 16753 16829 16820 16850 16835 16960 16950 16829 16683 16533 16443 16398 16448 16432 16417 16468 16403 16408 16488 16477 16404 16367 16333 16341 16371 16308 16251 16267 16262 16277 16236 16333 16316 16316 16272 16301 16423 16339 16294 16218 16229 16289 16220 16233 16230 16151 16192 16163 16057 16038 15967 15911 15978 15982
15997 15999 15982 16109 16062 16059 16106 16094 16080 16129 16187 16245 16332 16332 16293 16289 16231 16162 16037 15993 15956 15917 15980 16001 16013 16169 16312 16427 16487 16553 16542 16584 16619 16678 16695 16628 16715 16697 16701 16653 16583 16491 16546 16552 16563 16504 16493 16459 16449 16458 16477 16540 16589 16651 16607 16614 16589 16575 16639 16622
16620 16728 16751 16758 16809 16830 16845 16867 16897 16878 16852 16870 16929 16949 16899 16856 16755 16787 16781 16923 17013 16994 16948 16940 16934 16941 16947 16978 16907 16908 16914 16887 16988 16971 16982 17074 17139 17177 17096 17105 17066 17090 17070 17075 17014 16973 16987 16915 16984 16994 17082 17061 17061 17103 17048 17069 17039 17075 17091 17082
17155 17099 17228 17198 17182 17177 17219 17181 17169 17127 17073 17252 17466 17648 17761 17791 17812 17911 17871 17754 17623 17663 17475 17513 17453 17467 17477 17387 17442 17386 17393 17485 17474 17476 17490 17560 17589 17579 17629 17643 17721 17780 17821 17826 17826 17842 17864 17884 17870 17944 17942 17907 17890 17844 17847 17772 17727 17573 17741 17821
17769 17767 17800 17756 17762 17694 17680 17693 17750 17773 17731 17705 17727 17723 17714 17630 17638 17476 17303 17210 17127 17051 17006 17004 17050 17121 17154 17306 17393 17398 17476 17420 17456 17475 17465 17383 17411 17420 17382 17468 17478 17469 17466 17486 17520 17496 17478 17410 17388 17341 17331 17340 17297 17316 17303 17260 17296 17313 17374 17415
17432 17433 17467 17440 17435 17616 17635 17667 17695 17672 17628 17728 17859 17891 17886 17902 17886 17894 17886 17878 17820 17819 17799 17787 17846 17857 17913 17896 17869 17891 17840 17856 17828 17966 18007 17879 17879 17943 17942 17965 18035 18117 18169 18216 18253 18209 18235 18271 18181 18227 18277 18259 18289 18318 18332 18359 18327 18343 18395 18328
18369 18288 18359 18406 18394 18418 18406 18374 18365 18381 18350 18336 18308 18292 18241 18198 18247 18321 18420 18539 18638 18675 18712 18640 18663 18597 18517 18447 18150 18038 18016 17926 17952 17990 17946 18004 17923 17958 17876 17852 17807 17835 17840 17927 17928 18005 18068 18101 18116 18029 18042 18114 18052 18013 17950 17955 18077 18191 18161 18112
18023 17895 17996 17977 17999 18028 18038 18110 18172 18232 18256 18431 18381 18495 18473 18553 18589 18636 18669 18713 18727 18738 18685 18673 18710 18765 18675 18596 18535 18553 18540 18516 18595 18651 18723 18825 18976 19148 19222 19190 19257 19208 19295 19277 19300 19320 19264 19233 19270 19211 19213 19273 19262 19264 19308 19352 19400 19423 19471 19500
19489 19488 19540 19448 19412 19449 19577 19636 19621 19707 19696 19638 19665 19664 19686 19612 19575 19645 19732 19716 19754 19761 19824 19835 19827 19876 19928 20012 20089 20022 20048 20073 20018 19973 20004 19983 19969 19982 19975 20023 19956 19962 19954 19979 20013 20028 19995 20096 20044 20044 20093 20084 20121 20148 20271 20309 20265 20233 20187 20235
20159 20172 20117 20170 20160 20204 20251 20271 20258 20269 20273 20275 20283 20286 20329 20276 20254 20296 20277 20323 20244 20310 20271 20310 20233 20197 20237 20237 20232 20203 20225 20240 20397 20481 20617 20741 20835 20905 20839 20760 20654 20577 20429 20241 20303 20275 20209 20228 20206 20213 20156 20081 20091 20069 20017 20003 20081 20132 20141 20011
20040 20040 20040 20019 19976 19895 19904 19902 19862 19820 19897 19938 19954 19990 20018 19908 19812 19743 19587 19520 19472 19497 19479 19520 19637 19741 19955 19943 19893 19876 19867 19870 19868 19828 19846 19835 19934 19950 19963 20031 20109 20101 20023 20080 20089 20113 20181 20140 20063 19973 19903 19970 20051 20042 20063 20102 20098 20069 20073 20063
20019 20016 19999 19951 19928 19935 19951 20001 20014 20079 20187 20147 20279 20271 20284 20208 20127 20085 20098 20191 20226 20251 20302 20270 20184 20161 20048 19994 20002 19972 19894 19927 19958 19910 19867 19806 19826 19891 19877 19839 19839 19856 19762 19757 19721 19750 19671 19630 19642 19638 19595 19660 19636 19707 19654 19658 19713 19658 19613 19594
19549 19520 19548 19568 19612 19761 19926 20056 20132 20182 20097 20107 20065 19917 19847 19707 19469 19376 19244 19281 19148 19153 19140 19181 19186 19171 19222 19197 19232 19206 19165 19238 19301 19380 19424 19493 19490 19573 19597 19535 19552 19501 19452 19413 19381 19316 19366 19354 19385 19358 19452 19460 19540 19596 19606 19596 19587 19580 19541 19497
19537 19535 19564 19416 19261 19108 19101 19004 19023 19020 19045 19070 19257 19337 19465 19484 19465 19456 19471 19566 19570 19577 19632 19646 19654 19663 19684 19681 19677 19746 19898 19893 19942 19965 19992 19928 19926 19935 19903 19876 19848 19830 19774 19729 19734 19791 19789 19794 19794 19764 19781 19807 19866 19871 19890 19853 19905 19932 19925 19994
20116 20182 20227 20228 20232 20149 20178 20073 20161 20210 20327 20352 20292 20232 20187 20154 20180 20130 20180 20209 20245 20217 20255 20186 20133 20072 20118 20170 20079 20063 20148 20114 20030 19977 20060 20023 20012 20034 20082 19981 19932 19936 19910 19927 19968 19942 19923 19920 19974 20004 19992 20032 20135 20130 20102 20087 20098 20131 20081 20043
20054 20012 19984 19978 19993 19922 19920 19830 19817 19849 19867 19857 19841 19874 19915 19840 19877 19840 19941 19863 19940 19967 19935 20018 20061 20196 20294 20340 20428 20408 20407 20226 20113 19993 19870 19852 19824 19864 19835 19833 19907 19961 19872 19879 19878 19834 19767 19800 19703 19697 19700 19675 19681 19728 19734 19783 19812 19795 19782 19797
19801 19830 19850 19908 19956 19945 19999 20056 20077 20060 20044 20057 20093 20039 20062 20011 20004 20063 20140 20131 20084 20005 20041 20011 20017 20122 20169 20137 20174 20233 20208 20087 20041 20066 20022 20071 19999 19887 19747 19683 19597 19510 19482 19420 19553 19642 19742 19833 19831 19911 19890 19947 19978 19950 19907 19937 19994 20101 20086 20081
20121 20106 20142 20081 20005 20083 19955 19964 20023 19936 19930 19999 19932 20018 20044 20003 20084 20111 20151 20239 20239 20236 20210 20266 20264 20281 20211 20144 20106 20112 20140 20047 19964 19931 19954 19879 19899 19814 19926 19909 19912 19977 19890 19985 19985 19995 19972 19921 19901 19817 19843 19729 19668 19744 19794 19759 19715 19734 19728 19742
19737 19700 19765 19710 19724 19746 19762 19699 19730 19767 19795 19628 19616 19604 19537 19566 19630 19727 19796 19793 19797 19871 20059 20185 20179 20290 20443 20496 20469 20440 20274 20113 19986 19831 19836 19845 19873 19808 19763 19833 19778 19801 19741 19827 19847 19843 19840 19781 19719 19660 19602 19575 19579 19631 19704 19664 19685 19639 19667 19668
19769 19727 19624 19633 19551 19586 19657 19719 19652 19675 19674 19556 19607 19572 19581 19508 19521 19480 19498 19477 19532 19502 19490 19494 19459 19511 19493 19521 19585 19575 19632 19712 19769 19812 19854 19922 19911 19937 19981 19976 19979 19816 19708 19611 19601 19460 19517 19483 19606 19652 19766 19868 19968 19959 19871 19894 19924 19931 19932 19898
19914 19879 19928 19915 19878 19912 20006 19995 20015 20001 19976 19929 20059 20027 20100 20089 20180 20239 20212 20152 20117 20158 20249 20321 20304 20421 20401 20375 20425 20506 20509 20462 20482 20508 20493 20490 20439 20409 20418 20349 20381 20384 20357 20314 20241 20217 20203 20149 20153 20160 20269 20284 20311 20322 20371 20414 20381 20383 20418 20529
20547 20599 20528 20491 20451 20442 20463 20458 20440 20513 20465 20478 20423 20559 20630 20592 20710 20934 21118 21275 21373 21257 21320 21377 21334 21235 21106 20952 20761 20816 20830 20809 20846 20863 20959 21008 21087 21056 21003 20941 20998 21004 21117 21110 21052 21077 21087 21131 21098 21176 21181 21186 21170 21074 21205 21218 21192 21225 21244 21140
21169 21150 21174 21145 21151 21032 20846 20693 20550 20528 20456 20442 20535 20569 20661 20754 20894 21011 20990 21021 20995 20969 20967 21004 21027 20995 20981 21087 21164 21280 21255 21323 21309 21226 21260 21325 21337 21311 21240 21295 21323 21293 21270 21294 21335 21291 21302 21368 21380 21421 21378 21370 21447 21494 21354 21304 21294 21307 21331 21336
21352 21334 21296 21222 21219 21180 21141 21202 21272 21286 21271 21307 21336 21375 21404 21434 21382 21347 21395 21332 21249 21209 21165 21110 21166 21156 21080 21091 21105 21124 21148 21200 21210 21335 21364 21452 21434 21440 21452 21406 21487 21538 21514 21559 21603 21650 21604 21573 21626 21587 21638 21580 21607 21672 21627 21698 21698 21740 21712 21750
21675 21645 21601 21680 21724 21699 21702 21613 21550 21599 21637 21613 21661 21698 21770 21848 21859 21812 21963 22105 22202 22325 22455 22510 22537 22526 22354 22324 22279 22153 22213 22112 22112 22132 22096 22043 22109 22046 22079 22126 22047 22102 22128 22035 22035 22050 22107 22184 22174 22222 22227 22251 22289 22307 22292 22208 22175 22096 22047 22024
22053 22076 22119 22136 22176 22145 22176 22060 22071 21967 21899 21900 21891 21892 21825 21851 21908 21893 21847 21874 21835 21860 21900 21882 21811 21726 21544 21521 21472 21451 21355 21349 21454 21488 21552 21779 21763 21736 21754 21705 21735 21778 21806 21741 21743 21746 21758 21736 21624 21561 21536 21519 21562 21530 21557 21643 21729 21747 21814 21875
21930 21952 21907 22002 21959 22030 22036 22084 22118 22021 21992 22022 22080 22082 22078 22003 22008 21989 21985 22040 22129 22026 22012 22082 22126 22185 22149 22180 22260 22243 22170 22160 22166 22103 22103 22059 22046 22054 21994 22012 21940 21921 21947 21985 22039 22046 22065 22064 22196 22208 22257 22251 22303 22400 22420 22435 22484 22543 22507 22525
22520 22469 22461 22411 22468 22482 22486 22448 22534 22543 22549 22506 22556 22581 22589 22644 22512 22467 22520 22560 22585 22617 22554 22590 22621 22583 22505 22554 22527 22516 22511 22609 22632 22600 22558 22542 22539 22565 22723 22835 22939 23065 23036 23095 23055 22970 22784 22702 22591 22439 22467 22418 22314 22320 22331 22269 22327 22346 22267 22355
22408 22423 22443 22416 22446 22499 22417 22383 22385 22302 22364 22279 22239 22215 22205 22326 22375 22573 22646 22812 22937 22996 23033 23023 23004 23012 23012 23019 23020 23063 23095 23030 23040 22961 23000 22988 22972 23014 22993 23010 22960 22941 22929 22923 22948 22957 22960 23004 23076 23060 23044 23106 23134 23100 23098 23098 23179 23111 23116 23108
23177 23210 23232 23217 23174 23176 23221 23219 23101 23093 23108 23082 23002 22949 23001 22986 23051 23107 23152 23199 23209 23119 23192 23219 23250 23263 23322 23347 23427 23429 23382 23353 23343 23345 23375 23324 23345 23329 23382 23392 23404 23402 23350 23298 23213 23256 23242 23220 23155 23126 23181 23240 23170 23191 23188 23187 23223 23188 23188 23222
23232 23210 23217 23246 23249 23127 23136 23061 23085 23076 23124 23139 23124 23098 23182 23363 23567 23616 23685 23681 23796 23792 23715 23707 23640 23499 23342 23319 23384 23478 23490 23497 23419 23430 23482 23531 23485 23451 23422 23395 23373 23311 23289 23315 23423 23354 23409 23444 23408 23447 23416 23477 23492 23482 23475 23388 23405 23420 23428 23382
23454 23440 23368 23447 23477 23584 23555 23576 23657 23627 23648 23682 23720 23640 23703 23669 23637 23582 23574 23664 23654 23677 23670 23622 23546 23501 23333 23314 23368 23427 23503 23661 23731 23777 23863 23780 23883 23843 23941 24015 24023 24035 24048 24079 24098 24171 24144 24136 24097 24049 24056 24089 24036 24134 24103 24093 24101 24050 24165 24173
24103 24062 24060 24073 24103 24112 24019 24057 24073 24067 24077 24064 23973 23880 23958 23978 23994 24050 24044 24137 24196 24201 24245 24245 24183 24207 24227 24210 24184 24157 24179 24132 24126 24080 24102 24140 24196 24197 24222 24187 24171 24142 24089 24135 24231 24239 24316 24313 24318 24366 24364 24402 24385 24326 24313 24258 24300 24229 24216 24268
24307 24320 24239 24235 24110 24093 24141 24124 24114 24147 24198 24367 24504 24631 24587 24608 24646 24602 24562 24458 24363 24290 24121 24179 24179 24214 24195 24132 24256 24253 24213 24189 24177 24169 24099 24076 24128 24069 24120 24187 24143 24161 24168 24153 24143 24104 24118 24101 24132 24109 24173 24107 24136 24204 24196 24234 24276 24207 24212 24179
24202 24176 24192 24250 24288 24237 24180 24201 24172 24078 24160 24244 24295 24339 24362 24384 24377 24413 24338 24300 24302 24195 24273 24304 24280 24324 24387 24406 24399 24362 24287 24365 24409 24381 24364 24330 24216 24155 24074 23993 23989 24025 24011 24046 24102 24233 24355 24458 24437 24413 24344 24369 24355 24355 24379 24335 24345 24402 24437 24432
24434 24382 24342 24361 24460 24460 24439 24446 24366 24422 24415 24401 24475 24508 24468 24406 24342 24348 24424 24458 24473 24499 24502 24513 24509 24432 24403 24329 24347 24361 24330 24308 24338 24349 24339 24420 24463 24455 24463 24483 24531 24597 24566 24553 24587 24671 24706 24666 24659 24604 24646 24581 24559 24593 24516 24564 24588 24552 24645 24686
